SRS = EPSG:32610
DOMAIN_TE = 727624.729850327 4196543.20287663 787624.729850327 4256543.20287663
WX_TE = 721624.729850327 4190543.20287663 793624.729850327 4262543.20287663
WX_BEGIN =  2011-01-30 00:00
WX_END = 2011-01-30 00:00
CENTER_LON = -120.05999755859375
CENTER_LAT = 38.150001525878906
