SRS = EPSG:32610
DOMAIN_TE = 724569.690208771 4182004.18265265 784569.690208771 4242004.18265265
WX_TE = 718569.690208771 4176004.18265265 790569.690208771 4248004.18265265
WX_BEGIN =  2011-01-30 00:00
WX_END = 2011-01-30 00:00
CENTER_LON = -120.0999984741211
CENTER_LAT = 38.02000045776367
