SRS = EPSG:32610
DOMAIN_TE = 739521.355883781 4205301.19151942 777621.355883781 4243401.19151942
WX_TE = 733521.355883781 4199301.19151942 783621.355883781 4249401.19151942
WX_BEGIN =  2011-01-30 00:00
WX_END = 2011-01-30 00:00
CENTER_LON = -120.05000305175781
CENTER_LAT = 38.130001068115234
