SRS = EPSG:32610
DOMAIN_TE = 728571.355883781 4194351.19151942 788571.355883781 4254351.19151942
WX_TE = 722571.355883781 4188351.19151942 794571.355883781 4260351.19151942
WX_BEGIN =  2011-01-30 00:00
WX_END = 2011-01-30 00:00
CENTER_LON = -120.05000305175781
CENTER_LAT = 38.130001068115234
